6,12,18,24,30,36
6,11,16,21,26,31,36,41,46
2,6,10,14,18,22,26
1,7,13,19,25,31,37
1,1,1
3,7,11,15,19
1,6,11,16,21
2,12,22,32,42,52,62,72,82
2,9,16,23,30,37,44,51,58
7,16,25,34,43,52,61,70,79,88
1,8,15,22
4,12,20,28,36
1,11,21,31,41,51,61,71
2,5,8,11,14,17,20,23,26,29
4,5,6,7,8,9,10,11,12,13
4,7,10,13,16,19,22,25,28,31
3,12,21,30
2,6,10,14,18
6,14,22,30,38,46,54,62,70,78
6,11,16,21,26,31,36,41,46,51
6,13,20,27,34,41,48,55,62,69
7,14,21,28,35,42,49,56
8,12,16,20,24,28,32,36,40,44
7,13,19,25,31,37,43,49
7,10,13,16,19,22,25,28,31,34
6,10,14,18,22,26,30
1,11,21,31,41
